1
2
3
20
33
38
67
78
84
85
86
87
89
97
98
117
125
126
129
133
152
153
157
160
178
179
196
197
205
206
207
212
218
224
229
230
242
246
253
256
257
269
276
279
289
294
295
296
300
302
308
311
323
334
343
345
350
354
355
359
365
366
370
373
374
375
376
383
385
405
416
417
419
423
433
437
471
475
494
495
496
498
506
516
520
525
534
535
561
572
574
581
583
591
593
603
604
616
623
636
637
642
661
671
676
681
690
698
713
717
736
742
758
761
765
766
779
790
797
799
808
809
812
843
847
848
854
862
863
864
876
880
883
899
909
932
936
938
939
940
959
960
964
978
980
998
999
1009
1038
1040
1041
1052
1062
1064
1067
1074
1084
1090
1093
1103
1108
1110
1111
1121
1124
1139
1167
1168
1176
1180
1183
1201
1207
1211
1213
1215
1227
1230
1242
1254
1255
1257
1258
1265
1270
1285
1289
1292
1293
1299
1322
1326
1332
1333
1334
1335
1337
1343
1373
1381
1412
1413
1420
1421
1434
1435
1440
1446
1447
1448
1449
1459
1463
1466
1469
1473
1474
1475
1489
1491
1496
1498
1509
1510
1514
1521
1531
1560
1563
1564
1569
1582
1588
1590
1597
1601
1604
1631
1632
1639
1652
1653
1659
1668
1672
1675
1680
1681
1691
1692
1702
1705
1706
1707
1709
1716
1730
1732
1733
1742
1751
1752
1753
1759
1765
1782
1787
1791
1795
1808
1863
1870
1871
1885
1887
1891
1892
1894
1904
1910
1918
1933
1937
1965
1968
1969
1977
1979
1980
1989
1990
1994
1996
2007
2010
2012
2016
2038
2039
2049
2054
2101
2102
2107
2113
2118
2127
2128
2130
2131
2134
2146
2147
2150
2162
2163
2167
2171
2174
2194
2199
2208
2214
2215
2220
2233
2239
2258
2261
2268
2279
2284
2288
2297
2306
2313
2318
2332
2343
2351
2362
2374
2394
2395
2396
2415
2425
2431
2432
2471
2473
2478
2480
2484
2485
2501
2503
2505
2506
2509
2515
2519
2522
2523
2526
2528
2532
2534
2535
2538
2541
2542
2548
2560
2593
2595
2599
2600
2603
2612
2621
2634
2646
2657
2660
2689
2690
2693
2695
2698
2708
2714
2717
2725
2734
2737
2740
2792
2814
2818
2836
2837
2852
2881
2909
2910
2915
2917
2929
2930
2937
2938
2944
2951
2958
3004
3019
3026
3027
3028
3048
3054
3056
3060
3073
3083
3092
3106
3137
3144
3160
3162
3165
3167
3170
3188
3195
3200
3204
3227
3238
3243
3245
3254
3268
3282
3288
3293
3299
3317
3331
3342
3345
3346
3352
3380
3384
3388
3410
3411
3415
3428
3432
3433
3442
3456
3465
3466
3471
3473
3476
3495
3505
3518
3519
3531
3534
3535
3539
3547
3559
3565
3569
3575
3579
3591
3608
3609
3620
3622
3647
3649
3653
3654
3656
3665
3677
3682
3692
3700
3703
3705
3706
3707
3708
3716
3730
3750
3764
3769
3784
3787
3788
3799
3805
3806
3807
3810
3825
3832
3844
3851
3863
3874
3878
3879
3901
3911
3916
3920
3925
3948
3960
3974
3977
3981
3989
3992
4005
4010
4012
4031
4033
4049
4061
4062
4069
4073
4075
4081
4083
4085
4090
4102
4103
4110
4113
4114
4120
4155
4156
4161
4162
4168
4170
4172
4173
4180
4201
4206
4216
4217
4259
4264
4274
4285
4290
4292
4304
4308
4309
4338
4340
4349
4357
4360
4370
4372
4398
4402
4404
4423
4430
4439
4441
4443
4445
4455
4457
4473
4478
4484
4510
4514
4515
4538
4581
4587
4598
4608
4623
4625
4626
4642
4648
4665
4701
4702
4704
4705
4710
4711
4715
4716
4717
4718
4722
4725
4727
4729
4735
4736
4737
4738
4746
4749
4760
4789
4791
4798
4815
4825
4827
4829
4847
4861
4867
4873
4876
4879
4893
4908
4915
4918
4936
4941
4954
4982
4992
5004
5007
5015
5025
5030
5048
5062
5063
5067
5072
5090
5101
5103
5109
5117
5161
5164
5166
5185
5189
5190
5193
5194
5233
5239
5242
5243
5246
5256
5257
5258
5265
5271
5278
5281
5303
5309
5311
5329
5331
5342
5347
5381
5383
5398
5414
5418
5422
5428
5436
5443
5447
5460
5468
5474
5480
5481
5499
5502
5516
5518
5539
5541
5544
5555
5558
5571
5573
5583
5590
5592
5600
5616
5618
5626
5633
5654
5655
5659
5663
5672
5689
5692
5702
5704
5721
5737
5743
5777
5786
5803
5804
5822
5827
5838
5848
5872
5884
5890
5893
5899
5913
5930
5975
5993
5999
6026
6042
6043
6046
6052
6086
6103
6113
6123
6125
6126
6139
6143
6148
6166
6170
6173
6178
6180
6186
6198
6206
6217
6224
6234
6236
6247
6248
6250
6253
6262
6270
6289
6302
6304
6305
6333
6337
6347
6354
6369
6384
6385
6418
6421
6434
6442
6448
6449
6458
6459
6474
6506
6512
6525
6526
6538
6540
6555
6566
6570
6592
6597
6606
6625
6626
6650
6652
6653
6654
6657
6659
6691
6699
6717
6744
6769
6776
6796
6801
6803
6807
6816
6818
6821
6842
6859
6868
6880
6885
6896
6898
6902
6907
6913
6931
6936
6939
6959
6963
6967
6971
6978
6988
6991
7012
7016
7023
7024
7041
7045
7057
7067
7073
7099
7138
7148
7153
7170
7179
7181
7201
7207
7223
7234
7241
7248
7264
7268
7273
7310
7316
7317
7322
7333
7338
7380
7390
7393
7401
7430
7432
7445
7451
7474
7488
7491
7494
7518
7521
7522
7532
7539
7549
7550
7555
7556
7561
7563
7576
7589
7622
7625
7640
7649
7679
7683
7693
7698
7713
7718
7723
7725
7729
7746
7747
7756
7757
7771
7772
7776
7785
7792
7829
7831
7841
7849
7867
7892
7908
7910
7915
7918
7924
7939
7946
7955
7956
7962
7964